20200604153329.583,0,1,Test1
20200604153330.641,-0.655427,1,Test1
20200604153330.661,-0.655427,1,Test1
20200604153330.725,-0.655427,1,Test1
20200604153330.741,-0.655427,1,Test1
20200604153330.785,0,1,Test1
20200604153334.903,-0.9073187,1,Test1
20200604153334.963,-0.9099199,1,Test1
20200604153334.975,-0.9099199,1,Test1
20200604153335.016,-0.9118716,1,Test1
20200604153335.029,-0.9118716,1,Test1
20200604153335.041,-0.9118716,1,Test1
20200604153335.057,-0.9118716,1,Test1
20200604153335.073,-0.9118716,1,Test1
20200604153335.128,-0.9138665,1,Test1
20200604153335.141,-0.9138665,1,Test1
20200604153335.152,-0.9138665,1,Test1
20200604153335.192,-0.9156982,1,Test1
20200604153335.205,-0.9156982,1,Test1
20200604153335.219,-0.9156982,1,Test1
20200604153335.235,-0.9156982,1,Test1
20200604153335.252,-0.9156982,1,Test1
20200604153335.306,-0.917248,1,Test1
20200604153335.319,-0.917248,1,Test1
20200604153335.336,-0.917248,1,Test1
20200604153335.353,-0.917248,1,Test1
20200604153335.369,-0.917248,1,Test1
20200604153335.385,-0.917248,1,Test1
20200604153335.439,-0.9185765,1,Test1
20200604153335.452,-0.9185765,1,Test1
20200604153335.469,-0.9185765,1,Test1
20200604153335.512,-0.919163,1,Test1
20200604153335.525,-0.919163,1,Test1
20200604153335.535,-0.919163,1,Test1
20200604153335.552,-0.919163,1,Test1
20200604153335.569,-0.919163,1,Test1
20200604153335.623,-0.9192804,1,Test1
20200604153335.637,-0.9192804,1,Test1
20200604153335.652,-0.9192804,1,Test1
20200604153335.669,-0.9192804,1,Test1
20200604153335.685,-0.9192804,1,Test1
20200604153335.702,-0.9192804,1,Test1
20200604153335.756,-0.9188061,1,Test1
20200604153335.769,-0.9188061,1,Test1
20200604153335.785,-0.9188061,1,Test1
20200604153335.835,-0.9176607,1,Test1
20200604153335.852,-0.9176607,1,Test1
20200604153335.868,-0.9176607,1,Test1
20200604153335.885,-0.9176607,1,Test1
20200604153335.940,-0.9158661,1,Test1
20200604153335.953,-0.9158661,1,Test1
20200604153335.968,-0.9158661,1,Test1
20200604153336.010,-0.8959126,1,Test1
20200604153336.025,-0.8959126,1,Test1
20200604153336.035,-0.8959126,1,Test1
20200604153336.052,-0.8959126,1,Test1
20200604153336.069,-0.8959126,1,Test1
20200604153336.085,-0.8959126,1,Test1
20200604153336.102,-0.8959126,1,Test1
20200604153336.159,-0.8524146,1,Test1
20200604153336.173,-0.8524146,1,Test1
20200604153336.185,-0.8524146,1,Test1
20200604153336.226,-0.7883896,1,Test1
20200604153336.239,-0.7883896,1,Test1
20200604153336.252,-0.7883896,1,Test1
20200604153336.269,-0.7883896,1,Test1
20200604153336.285,-0.7883896,1,Test1
20200604153336.339,-0.7067056,1,Test1
20200604153336.352,-0.7067056,1,Test1
20200604153336.368,-0.7067056,1,Test1
20200604153336.384,-0.7067056,1,Test1
20200604153336.401,-0.7067056,1,Test1
20200604153336.419,-0.7067056,1,Test1
20200604153336.479,-0.6098588,1,Test1
20200604153336.491,-0.6098588,1,Test1
20200604153336.506,-0.6098588,1,Test1
20200604153336.522,-0.6098588,1,Test1
20200604153336.539,-0.6098588,1,Test1
20200604153336.555,-0.6098588,1,Test1
20200604153336.612,-0.4995353,1,Test1
20200604153336.654,-0.3909677,1,Test1
20200604153336.668,-0.3909677,1,Test1
20200604153336.684,-0.3909677,1,Test1
20200604153336.746,-0.2902803,1,Test1
20200604153336.760,-0.2902803,1,Test1
20200604153336.771,-0.2902803,1,Test1
20200604153336.788,-0.2902803,1,Test1
20200604153336.805,-0.2902803,1,Test1
20200604153336.822,-0.2902803,1,Test1
20200604153336.877,-0.1967849,1,Test1
20200604153336.896,-0.1967849,1,Test1
20200604153336.906,-0.1967849,1,Test1
20200604153336.944,-0.1097375,1,Test1
20200604153336.963,-0.1097375,1,Test1
20200604153336.974,-0.1097375,1,Test1
20200604153336.984,-0.1097375,1,Test1
20200604153337.001,-0.1097375,1,Test1
20200604153337.058,-0.02849322,1,Test1
20200604153337.072,-0.02849322,1,Test1
20200604153337.085,-0.02849322,1,Test1
20200604153337.126,0.04750949,1,Test1
20200604153337.140,0.04750949,1,Test1
20200604153337.151,0.04750949,1,Test1
20200604153337.168,0.04750949,1,Test1
20200604153337.184,0.04750949,1,Test1
20200604153337.201,0.04750949,1,Test1
20200604153337.217,0.04750949,1,Test1
20200604153337.234,0.04750949,1,Test1
20200604153337.288,0.1189822,1,Test1
20200604153337.301,0.1189822,1,Test1
20200604153337.317,0.1189822,1,Test1
20200604153337.360,0.1863923,1,Test1
20200604153337.374,0.1863923,1,Test1
20200604153337.385,0.1863923,1,Test1
20200604153337.401,0.1863923,1,Test1
20200604153337.458,0.2500982,1,Test1
20200604153337.472,0.2500982,1,Test1
20200604153337.484,0.2500982,1,Test1
20200604153337.502,0.2500982,1,Test1
20200604153337.517,0.2500982,1,Test1
20200604153337.534,0.2500982,1,Test1
20200604153337.551,0.2500982,1,Test1
20200604153337.605,0.310405,1,Test1
20200604153337.619,0.310405,1,Test1
20200604153337.634,0.310405,1,Test1
20200604153337.676,0.367596,1,Test1
20200604153337.691,0.367596,1,Test1
20200604153337.703,0.367596,1,Test1
20200604153337.716,0.367596,1,Test1
20200604153337.775,0.421865,1,Test1
20200604153337.794,0.421865,1,Test1
20200604153337.807,0.421865,1,Test1
20200604153337.846,0.47334,1,Test1
20200604153337.864,0.47334,1,Test1
20200604153337.875,0.47334,1,Test1
20200604153337.888,0.47334,1,Test1
20200604153337.903,0.47334,1,Test1
20200604153337.921,0.47334,1,Test1
20200604153337.936,0.47334,1,Test1
20200604153337.954,0.47334,1,Test1
20200604153338.009,0.5222222,1,Test1
20200604153338.029,0.5222222,1,Test1
20200604153338.039,0.5222222,1,Test1
20200604153338.071,0.5686711,1,Test1
20200604153338.088,0.5686711,1,Test1
20200604153338.100,0.5686711,1,Test1
20200604153338.116,0.5686711,1,Test1
20200604153338.133,0.5686711,1,Test1
20200604153338.198,0.6128613,1,Test1
20200604153338.216,0.6128613,1,Test1
20200604153338.225,0.6128613,1,Test1
20200604153338.237,0.6128613,1,Test1
20200604153338.255,0.6128613,1,Test1
20200604153338.307,0.6549858,1,Test1
20200604153338.333,0.6549858,1,Test1
20200604153338.349,0.6549858,1,Test1
20200604153338.392,0.6952013,1,Test1
20200604153338.411,0.6952013,1,Test1
20200604153338.421,0.6952013,1,Test1
20200604153338.433,0.6952013,1,Test1
20200604153338.450,0.6952013,1,Test1
20200604153338.504,0.7336593,1,Test1
20200604153338.525,0.7336593,1,Test1
20200604153338.536,0.7336593,1,Test1
20200604153338.578,0.7704868,1,Test1
20200604153338.597,0.7704868,1,Test1
20200604153338.607,0.7704868,1,Test1
20200604153338.620,0.7704868,1,Test1
20200604153338.636,0.7704868,1,Test1
20200604153338.653,0.7704868,1,Test1
20200604153338.670,0.7704868,1,Test1
20200604153338.686,0.7704868,1,Test1
20200604153338.704,0.7704868,1,Test1
20200604153338.720,0.7704868,1,Test1
20200604153338.736,0.7704868,1,Test1
20200604153338.753,0.7704868,1,Test1
20200604153338.840,0.8396081,1,Test1
20200604153338.890,0.872024,1,Test1
20200604153338.909,0.872024,1,Test1
20200604153338.920,0.872024,1,Test1
20200604153338.932,0.872024,1,Test1
20200604153338.975,0.9031168,1,Test1
20200604153339.007,0.9031168,1,Test1
20200604153339.018,0.9031168,1,Test1
20200604153339.032,0.9031168,1,Test1
20200604153339.049,0.9031168,1,Test1
20200604153339.065,0.9031168,1,Test1
20200604153339.120,0.969937,1,Test1
20200604153339.136,0.969937,1,Test1
20200604153339.150,0.969937,1,Test1
20200604153339.165,0.969937,1,Test1
20200604153339.203,1.03697,1,Test1
20200604153339.223,1.03697,1,Test1
20200604153339.233,1.03697,1,Test1
20200604153339.249,1.03697,1,Test1
20200604153339.307,1.104248,1,Test1
20200604153339.321,1.104248,1,Test1
20200604153339.332,1.104248,1,Test1
20200604153339.348,1.104248,1,Test1
20200604153339.366,1.104248,1,Test1
20200604153339.382,1.104248,1,Test1
20200604153339.399,1.104248,1,Test1
20200604153339.415,1.104248,1,Test1
20200604153339.433,1.104248,1,Test1
20200604153339.449,1.104248,1,Test1
20200604153339.466,1.104248,1,Test1
20200604153339.481,1.104248,1,Test1
20200604153339.567,1.238792,1,Test1
20200604153339.613,1.306225,1,Test1
20200604153339.628,1.306225,1,Test1
20200604153339.639,1.306225,1,Test1
20200604153339.653,1.306225,1,Test1
20200604153339.712,1.373739,1,Test1
20200604153339.727,1.373739,1,Test1
20200604153339.738,1.373739,1,Test1
20200604153339.754,1.373739,1,Test1
20200604153339.771,1.373739,1,Test1
20200604153339.786,1.373739,1,Test1
20200604153339.849,1.441315,1,Test1
20200604153339.864,1.441315,1,Test1
20200604153339.882,1.441315,1,Test1
20200604153339.925,1.509017,1,Test1
20200604153339.941,1.509017,1,Test1
20200604153339.951,1.509017,1,Test1
20200604153339.965,1.509017,1,Test1
20200604153340.020,1.576691,1,Test1
20200604153340.035,1.576691,1,Test1
20200604153340.048,1.576691,1,Test1
20200604153340.066,1.576691,1,Test1
20200604153340.081,1.576691,1,Test1
20200604153340.098,1.576691,1,Test1
20200604153340.114,1.576691,1,Test1
20200604153340.167,1.644349,1,Test1
20200604153340.182,1.644349,1,Test1
20200604153340.198,1.644349,1,Test1
20200604153340.240,1.711941,1,Test1
20200604153340.256,1.711941,1,Test1
20200604153340.268,1.711941,1,Test1
20200604153340.281,1.711941,1,Test1
20200604153340.336,1.779455,1,Test1
20200604153340.351,1.779455,1,Test1
20200604153340.365,1.779455,1,Test1
20200604153340.381,1.779455,1,Test1
20200604153340.422,1.846854,1,Test1
20200604153340.437,1.846854,1,Test1
20200604153340.449,1.846854,1,Test1
20200604153340.465,1.846854,1,Test1
20200604153340.482,1.846854,1,Test1
20200604153340.498,1.846854,1,Test1
20200604153340.514,1.846854,1,Test1
20200604153340.574,1.913976,1,Test1
20200604153340.588,1.913976,1,Test1
20200604153340.597,1.913976,1,Test1
20200604153340.640,1.980853,1,Test1
20200604153340.655,1.980853,1,Test1
20200604153340.666,1.980853,1,Test1
20200604153340.680,1.980853,1,Test1
20200604153340.697,1.980853,1,Test1
20200604153340.752,2.047492,1,Test1
20200604153340.766,2.047492,1,Test1
20200604153340.781,2.047492,1,Test1
20200604153340.797,2.047492,1,Test1
20200604153340.814,2.047492,1,Test1
20200604153340.831,2.047492,1,Test1
20200604153340.885,2.113859,1,Test1
20200604153340.900,2.113859,1,Test1
20200604153340.914,2.113859,1,Test1
20200604153340.957,2.179927,1,Test1
20200604153340.973,2.179927,1,Test1
20200604153340.984,2.179927,1,Test1
20200604153340.997,2.179927,1,Test1
20200604153341.014,2.179927,1,Test1
20200604153341.068,2.238503,1,Test1
20200604153341.082,2.238503,1,Test1
20200604153341.097,2.238503,1,Test1
20200604153341.141,2.286166,1,Test1
20200604153341.155,2.286166,1,Test1
20200604153341.165,2.286166,1,Test1
20200604153341.180,2.286166,1,Test1
20200604153341.197,2.286166,1,Test1
20200604153341.213,2.286166,1,Test1
20200604153341.230,2.286166,1,Test1
20200604153341.288,2.322831,1,Test1
20200604153341.304,2.322831,1,Test1
20200604153341.313,2.322831,1,Test1
20200604153341.347,2.348593,1,Test1
20200604153341.374,2.348593,1,Test1
20200604153341.385,2.348593,1,Test1
20200604153341.397,2.348593,1,Test1
20200604153341.414,2.348593,1,Test1
20200604153341.467,2.363651,1,Test1
20200604153341.481,2.363651,1,Test1
20200604153341.497,2.363651,1,Test1
20200604153341.513,2.363651,1,Test1
20200604153341.530,2.363651,1,Test1
20200604153341.547,2.363651,1,Test1
20200604153341.603,2.367958,1,Test1
20200604153341.618,2.367958,1,Test1
20200604153341.630,2.367958,1,Test1
20200604153341.662,2.368806,1,Test1
20200604153341.686,2.368806,1,Test1
20200604153341.696,2.368806,1,Test1
20200604153341.713,2.368806,1,Test1
20200604153341.730,2.368806,1,Test1
20200604153341.784,2.369747,1,Test1
20200604153341.799,2.369747,1,Test1
20200604153341.813,2.369747,1,Test1
20200604153341.854,2.370893,1,Test1
20200604153341.870,2.370893,1,Test1
20200604153341.880,2.370893,1,Test1
20200604153341.896,2.370893,1,Test1
20200604153341.913,2.370893,1,Test1
20200604153341.930,2.370893,1,Test1
20200604153341.946,2.370893,1,Test1
20200604153341.963,2.370893,1,Test1
20200604153341.980,2.370893,1,Test1
20200604153341.996,2.370893,1,Test1
20200604153342.013,2.370893,1,Test1
20200604153342.030,2.370893,1,Test1
20200604153342.046,2.370893,1,Test1
20200604153342.138,2.37352,1,Test1
20200604153342.182,2.374987,1,Test1
20200604153342.197,2.374987,1,Test1
20200604153342.213,2.374987,1,Test1
20200604153342.230,2.374987,1,Test1
20200604153342.283,2.376338,1,Test1
20200604153342.299,2.376338,1,Test1
20200604153342.313,2.376338,1,Test1
20200604153342.330,2.376338,1,Test1
20200604153342.346,2.376338,1,Test1
20200604153342.363,2.376338,1,Test1
20200604153342.380,2.376338,1,Test1
20200604153342.396,2.376338,1,Test1
20200604153342.414,2.376338,1,Test1
20200604153342.429,2.376338,1,Test1
20200604153342.446,2.376338,1,Test1
20200604153342.532,2.378515,1,Test1
20200604153342.577,2.379382,1,Test1
20200604153342.592,2.379382,1,Test1
20200604153342.603,2.379382,1,Test1
20200604153342.617,2.379382,1,Test1
20200604153342.633,2.379382,1,Test1
20200604153342.687,2.380103,1,Test1
20200604153342.702,2.380103,1,Test1
20200604153342.713,2.380103,1,Test1
20200604153342.729,2.380103,1,Test1
20200604153342.746,2.380103,1,Test1
20200604153342.763,2.380103,1,Test1
20200604153342.779,2.380103,1,Test1
20200604153342.797,2.380103,1,Test1
20200604153342.812,2.380103,1,Test1
20200604153342.829,2.380103,1,Test1
20200604153342.845,2.380103,1,Test1
20200604153342.890,2.380855,1,Test1
20200604153342.955,2.38179,1,Test1
20200604153343.011,2.382891,1,Test1
20200604153343.025,2.382891,1,Test1
20200604153343.036,2.382891,1,Test1
20200604153343.049,2.382891,1,Test1
20200604153343.065,2.382891,1,Test1
20200604153343.083,2.382891,1,Test1
20200604153343.140,2.384203,1,Test1
20200604153343.156,2.384203,1,Test1
20200604153343.167,2.384203,1,Test1
20200604153343.211,2.38573,1,Test1
20200604153343.224,2.38573,1,Test1
20200604153343.234,2.38573,1,Test1
20200604153343.249,2.38573,1,Test1
20200604153343.292,2.387424,1,Test1
20200604153343.321,2.387424,1,Test1
20200604153343.332,2.387424,1,Test1
20200604153343.345,2.387424,1,Test1
20200604153343.387,2.389075,1,Test1
20200604153343.403,2.389075,1,Test1
20200604153343.413,2.389075,1,Test1
20200604153343.428,2.389075,1,Test1
20200604153343.445,2.389075,1,Test1
20200604153343.462,2.389075,1,Test1
20200604153343.479,2.389075,1,Test1
20200604153343.496,2.389075,1,Test1
20200604153343.512,2.389075,1,Test1
20200604153343.528,2.389075,1,Test1
20200604153343.585,2.390661,1,Test1
20200604153343.629,2.392153,1,Test1
20200604153343.645,2.392153,1,Test1
20200604153343.661,2.392153,1,Test1
20200604153343.722,2.393579,1,Test1
20200604153343.737,2.393579,1,Test1
20200604153343.749,2.393579,1,Test1
20200604153343.761,2.393579,1,Test1
20200604153343.778,2.393579,1,Test1
20200604153343.794,2.393579,1,Test1
20200604153343.850,2.394989,1,Test1
20200604153343.865,2.394989,1,Test1
20200604153343.878,2.394989,1,Test1
20200604153343.917,2.396399,1,Test1
20200604153343.938,2.396399,1,Test1
20200604153343.948,2.396399,1,Test1
20200604153343.962,2.396399,1,Test1
20200604153343.979,2.396399,1,Test1
20200604153344.032,2.397843,1,Test1
20200604153344.045,2.397843,1,Test1
20200604153344.062,2.397843,1,Test1
20200604153344.102,2.399332,1,Test1
20200604153344.117,2.399332,1,Test1
20200604153344.128,2.399332,1,Test1
20200604153344.144,2.399332,1,Test1
20200604153344.161,2.399332,1,Test1
20200604153344.178,2.399332,1,Test1
20200604153344.195,2.399332,1,Test1
20200604153344.246,2.400867,1,Test1
20200604153344.266,2.400867,1,Test1
20200604153344.278,2.400867,1,Test1
20200604153344.295,2.400867,1,Test1
20200604153344.335,2.402384,1,Test1
20200604153344.351,2.402384,1,Test1
20200604153344.361,2.402384,1,Test1
20200604153344.378,2.402384,1,Test1
20200604153344.436,2.403887,1,Test1
20200604153344.451,2.403887,1,Test1
20200604153344.461,2.403887,1,Test1
20200604153344.478,2.403887,1,Test1
20200604153344.520,2.405399,1,Test1
20200604153344.548,2.405399,1,Test1
20200604153344.561,2.405399,1,Test1
20200604153344.580,2.405399,1,Test1
20200604153344.594,2.405399,1,Test1
20200604153344.611,2.405399,1,Test1
20200604153344.660,2.406792,1,Test1
20200604153344.674,2.406792,1,Test1
20200604153344.685,2.406792,1,Test1
20200604153344.700,2.406792,1,Test1
20200604153344.741,2.408015,1,Test1
20200604153344.755,2.408015,1,Test1
20200604153344.767,2.408015,1,Test1
20200604153344.782,2.408015,1,Test1
20200604153344.838,2.409052,1,Test1
20200604153344.853,2.409052,1,Test1
20200604153344.864,2.409052,1,Test1
20200604153344.879,2.409052,1,Test1
20200604153344.894,2.409052,1,Test1
20200604153344.911,2.409052,1,Test1
20200604153344.927,2.409052,1,Test1
20200604153344.982,2.409974,1,Test1
20200604153344.997,2.409974,1,Test1
20200604153345.011,2.409974,1,Test1
20200604153345.050,2.410783,1,Test1
20200604153345.064,2.410783,1,Test1
20200604153345.077,2.410783,1,Test1
20200604153345.094,2.410783,1,Test1
20200604153345.141,2.411565,1,Test1
20200604153345.170,2.411565,1,Test1
20200604153345.181,2.411565,1,Test1
20200604153345.194,2.411565,1,Test1
20200604153345.237,2.412335,1,Test1
20200604153345.250,2.412335,1,Test1
20200604153345.260,2.412335,1,Test1
20200604153345.277,2.412335,1,Test1
20200604153345.294,2.412335,1,Test1
20200604153345.311,2.412335,1,Test1
20200604153345.330,2.412335,1,Test1
20200604153345.385,2.413107,1,Test1
20200604153345.400,2.413107,1,Test1
20200604153345.411,2.413107,1,Test1
20200604153345.454,2.413938,1,Test1
20200604153345.470,2.413938,1,Test1
20200604153345.480,2.413938,1,Test1
20200604153345.494,2.413938,1,Test1
20200604153345.510,2.413938,1,Test1
20200604153345.565,2.414819,1,Test1
20200604153345.581,2.414819,1,Test1
20200604153345.593,2.414819,1,Test1
20200604153345.610,2.414819,1,Test1
20200604153345.627,2.414819,1,Test1
20200604153345.645,2.414819,1,Test1
20200604153345.699,2.415761,1,Test1
20200604153345.714,2.415761,1,Test1
20200604153345.726,2.415761,1,Test1
20200604153345.769,2.416706,1,Test1
20200604153345.784,2.416706,1,Test1
20200604153345.794,2.416706,1,Test1
20200604153345.810,2.416706,1,Test1
20200604153345.826,2.416706,1,Test1
20200604153345.887,2.417628,1,Test1
20200604153345.901,2.417628,1,Test1
20200604153345.911,2.417628,1,Test1
20200604153345.953,2.418524,1,Test1
20200604153345.970,2.418524,1,Test1
20200604153345.980,2.418524,1,Test1
20200604153345.993,2.418524,1,Test1
20200604153346.010,2.418524,1,Test1
20200604153346.027,2.418524,1,Test1
20200604153346.043,2.418524,1,Test1
20200604153346.060,2.418524,1,Test1
20200604153346.076,2.418524,1,Test1
20200604153346.094,2.418524,1,Test1
20200604153346.149,2.419408,1,Test1
20200604153346.192,2.420299,1,Test1
20200604153346.205,2.420299,1,Test1
20200604153346.219,2.420299,1,Test1
20200604153346.232,2.420299,1,Test1
20200604153346.287,2.421177,1,Test1
20200604153346.303,2.421177,1,Test1
20200604153346.314,2.421177,1,Test1
20200604153346.326,2.421177,1,Test1
20200604153346.343,2.421177,1,Test1
20200604153346.360,2.421177,1,Test1
20200604153346.376,2.421177,1,Test1
20200604153346.392,2.421177,1,Test1
20200604153346.410,2.421177,1,Test1
20200604153346.426,2.421177,1,Test1
20200604153346.443,2.421177,1,Test1
20200604153346.459,2.421177,1,Test1
20200604153346.542,2.42282,1,Test1
20200604153346.589,2.423521,1,Test1
20200604153346.605,2.423521,1,Test1
20200604153346.617,2.423521,1,Test1
20200604153346.628,2.423521,1,Test1
20200604153346.686,2.42411,1,Test1
20200604153346.700,2.42411,1,Test1
20200604153346.712,2.42411,1,Test1
20200604153346.730,2.42411,1,Test1
20200604153346.746,2.42411,1,Test1
20200604153346.763,2.42411,1,Test1
20200604153346.781,2.42411,1,Test1
20200604153346.796,2.42411,1,Test1
20200604153346.814,2.42411,1,Test1
20200604153346.831,2.42411,1,Test1
20200604153346.846,2.42411,1,Test1
20200604153346.863,2.42411,1,Test1
20200604153346.951,2.424718,1,Test1
20200604153346.995,2.424806,1,Test1
20200604153347.010,2.424806,1,Test1
20200604153347.025,2.424806,1,Test1
20200604153347.042,2.424806,1,Test1
20200604153347.096,2.424636,1,Test1
20200604153347.111,2.424636,1,Test1
20200604153347.125,2.424636,1,Test1
20200604153347.142,2.424636,1,Test1
20200604153347.159,2.424636,1,Test1
20200604153347.175,2.424636,1,Test1
20200604153347.192,2.424636,1,Test1
20200604153347.209,2.424636,1,Test1
20200604153347.225,2.424636,1,Test1
20200604153347.244,2.424636,1,Test1
20200604153347.259,2.424636,1,Test1
20200604153347.346,2.423662,1,Test1
20200604153347.390,2.423027,1,Test1
20200604153347.405,2.423027,1,Test1
20200604153347.416,2.423027,1,Test1
20200604153347.428,2.423027,1,Test1
20200604153347.446,2.423027,1,Test1
20200604153347.463,2.423027,1,Test1
20200604153347.480,2.423027,1,Test1
20200604153347.533,2.422253,1,Test1
20200604153347.552,2.422253,1,Test1
20200604153347.562,2.422253,1,Test1
20200604153347.575,2.422253,1,Test1
20200604153347.618,2.421396,1,Test1
20200604153347.633,2.421396,1,Test1
20200604153347.643,2.421396,1,Test1
20200604153347.659,2.421396,1,Test1
20200604153347.701,2.420513,1,Test1
20200604153347.729,2.420513,1,Test1
20200604153347.741,2.420513,1,Test1
20200604153347.759,2.420513,1,Test1
20200604153347.801,2.419471,1,Test1
20200604153347.815,2.419471,1,Test1
20200604153347.826,2.419471,1,Test1
20200604153347.841,2.419471,1,Test1
20200604153347.858,2.419471,1,Test1
20200604153347.875,2.419471,1,Test1
20200604153347.892,2.419471,1,Test1
20200604153347.947,2.418293,1,Test1
20200604153347.961,2.418293,1,Test1
20200604153347.976,2.418293,1,Test1
20200604153348.019,2.416902,1,Test1
20200604153348.033,2.416902,1,Test1
20200604153348.045,2.416902,1,Test1
20200604153348.058,2.416902,1,Test1
20200604153348.074,2.416902,1,Test1
20200604153348.128,2.41532,1,Test1
20200604153348.144,2.41532,1,Test1
20200604153348.158,2.41532,1,Test1
20200604153348.174,2.41532,1,Test1
20200604153348.192,2.41532,1,Test1
20200604153348.209,2.41532,1,Test1
20200604153348.267,2.413574,1,Test1
20200604153348.281,2.413574,1,Test1
20200604153348.291,2.413574,1,Test1
20200604153348.334,2.411674,1,Test1
20200604153348.348,2.411674,1,Test1
20200604153348.359,2.411674,1,Test1
20200604153348.374,2.411674,1,Test1
20200604153348.391,2.411674,1,Test1
20200604153348.444,2.409826,1,Test1
20200604153348.458,2.409826,1,Test1
20200604153348.474,2.409826,1,Test1
20200604153348.519,2.408028,0,Interval2
20200604153348.547,2.408028,0,Interval2
20200604153348.558,2.408028,0,Interval2
20200604153348.574,2.408028,0,Interval2
20200604153348.591,2.408028,0,Interval2
20200604153348.608,2.408028,0,Interval2
20200604153348.624,2.408028,0,Interval2
20200604153348.641,2.408028,0,Interval2
20200604153348.657,2.408028,0,Interval2
20200604153348.714,2.40625,0,Interval2
20200604153348.759,2.404413,0,Interval2
20200604153348.774,2.404413,0,Interval2
20200604153348.791,2.404413,0,Interval2
20200604153348.848,2.402539,0,Interval2
20200604153348.863,2.402539,0,Interval2
20200604153348.874,2.402539,0,Interval2
20200604153348.890,2.402539,0,Interval2
20200604153348.940,2.400572,0,Interval2
20200604153348.968,2.400572,0,Interval2
20200604153348.979,2.400572,0,Interval2
20200604153348.990,2.400572,0,Interval2
20200604153349.007,2.400572,0,Interval2
20200604153349.023,2.400572,0,Interval2
20200604153349.078,2.398571,0,Interval2
20200604153349.093,2.398571,0,Interval2
20200604153349.107,2.398571,0,Interval2
20200604153349.154,2.396413,0,Interval2
20200604153349.167,2.396413,0,Interval2
20200604153349.177,2.396413,0,Interval2
20200604153349.194,2.396413,0,Interval2
20200604153349.211,2.396413,0,Interval2
20200604153349.227,2.396413,0,Interval2
20200604153349.248,2.396413,0,Interval2
20200604153349.309,2.394061,0,Interval2
20200604153349.324,2.394061,0,Interval2
20200604153349.353,2.391554,0,Interval2
20200604153349.374,2.391554,0,Interval2
20200604153349.395,2.391554,0,Interval2
20200604153349.407,2.391554,0,Interval2
20200604153349.424,2.391554,0,Interval2
20200604153349.478,2.388918,0,Interval2
20200604153349.493,2.388918,0,Interval2
20200604153349.507,2.388918,0,Interval2
20200604153349.549,2.386316,0,Interval2
20200604153349.563,2.386316,0,Interval2
20200604153349.574,2.386316,0,Interval2
20200604153349.590,2.386316,0,Interval2
20200604153349.607,2.386316,0,Interval2
20200604153349.623,2.386316,0,Interval2
20200604153349.641,2.386316,0,Interval2
20200604153349.700,2.383866,0,Interval2
20200604153349.716,2.383866,0,Interval2
20200604153349.728,2.383866,0,Interval2
20200604153349.742,2.383866,0,Interval2
20200604153349.795,2.381655,0,Interval2
20200604153349.811,2.381655,0,Interval2
20200604153349.823,2.381655,0,Interval2
20200604153349.865,2.379719,0,Interval2
20200604153349.880,2.379719,0,Interval2
20200604153349.890,2.379719,0,Interval2
20200604153349.906,2.379719,0,Interval2
20200604153349.923,2.379719,0,Interval2
20200604153349.988,2.378228,0,Interval2
20200604153350.003,2.378228,0,Interval2
20200604153350.014,2.378228,0,Interval2
20200604153350.029,2.378228,0,Interval2
20200604153350.044,2.378228,0,Interval2
20200604153350.101,2.377159,0,Interval2
20200604153350.130,2.377159,0,Interval2
20200604153350.142,2.377159,0,Interval2
20200604153350.192,2.376539,0,Interval2
20200604153350.207,2.376539,0,Interval2
20200604153350.223,2.376539,0,Interval2
20200604153350.241,2.376539,0,Interval2
20200604153350.303,2.376315,0,Interval2
20200604153350.317,2.376315,0,Interval2
20200604153350.360,2.37623,0,Interval2
20200604153350.374,2.37623,0,Interval2
20200604153350.389,2.37623,0,Interval2
20200604153350.406,2.37623,0,Interval2
20200604153350.422,2.37623,0,Interval2
20200604153350.439,2.37623,0,Interval2
20200604153350.455,2.37623,0,Interval2
20200604153350.473,2.37623,0,Interval2
20200604153350.489,2.37623,0,Interval2
20200604153350.506,2.37623,0,Interval2
20200604153350.522,2.37623,0,Interval2
20200604153350.539,2.37623,0,Interval2
20200604153350.556,2.37623,0,Interval2
20200604153350.638,2.376268,0,Interval2
20200604153350.688,2.376392,0,Interval2
20200604153350.704,2.376392,0,Interval2
20200604153350.716,2.376392,0,Interval2
20200604153350.729,2.376392,0,Interval2
20200604153350.744,2.376392,0,Interval2
20200604153350.759,2.376392,0,Interval2
20200604153350.775,2.376392,0,Interval2
20200604153350.793,2.376392,0,Interval2
20200604153350.810,2.376392,0,Interval2
20200604153350.826,2.376392,0,Interval2
20200604153350.844,2.376392,0,Interval2
20200604153350.860,2.376392,0,Interval2
20200604153350.956,2.376825,0,Interval2
20200604153351.000,2.377096,0,Interval2
20200604153351.015,2.377096,0,Interval2
20200604153351.024,2.377096,0,Interval2
20200604153351.038,2.377096,0,Interval2
20200604153351.096,2.377439,0,Interval2
20200604153351.111,2.377439,0,Interval2
20200604153351.123,2.377439,0,Interval2
20200604153351.139,2.377439,0,Interval2
20200604153351.155,2.377439,0,Interval2
20200604153351.172,2.377439,0,Interval2
20200604153351.189,2.377439,0,Interval2
20200604153351.205,2.377439,0,Interval2
20200604153351.222,2.377439,0,Interval2
20200604153351.239,2.377439,0,Interval2
20200604153351.255,2.377439,0,Interval2
20200604153351.272,2.377439,0,Interval2
20200604153351.360,2.378369,0,Interval2
20200604153351.406,2.379132,0,Interval2
20200604153351.422,2.379132,0,Interval2
20200604153351.439,2.379132,0,Interval2
20200604153351.455,2.379132,0,Interval2
20200604153351.510,2.380213,0,Interval2
20200604153351.526,2.380213,0,Interval2
20200604153351.538,2.380213,0,Interval2
20200604153351.555,2.380213,0,Interval2
20200604153351.572,2.380213,0,Interval2
20200604153351.589,2.380213,0,Interval2
20200604153351.643,2.381537,0,Interval2
20200604153351.658,2.381537,0,Interval2
20200604153351.672,2.381537,0,Interval2
20200604153351.712,2.383022,0,Interval2
20200604153351.728,2.383022,0,Interval2
20200604153351.738,2.383022,0,Interval2
20200604153351.755,2.383022,0,Interval2
20200604153351.806,2.384707,0,Interval2
20200604153351.827,2.384707,0,Interval2
20200604153351.838,2.384707,0,Interval2
20200604153351.855,2.384707,0,Interval2
20200604153351.872,2.384707,0,Interval2
20200604153351.888,2.384707,0,Interval2
20200604153351.905,2.384707,0,Interval2
20200604153351.960,2.386574,0,Interval2
20200604153351.975,2.386574,0,Interval2
20200604153351.988,2.386574,0,Interval2
20200604153352.034,2.388457,0,Interval2
20200604153352.049,2.388457,0,Interval2
20200604153352.061,2.388457,0,Interval2
20200604153352.074,2.388457,0,Interval2
20200604153352.131,2.390474,0,Interval2
20200604153352.146,2.390474,0,Interval2
20200604153352.157,2.390474,0,Interval2
20200604153352.172,2.390474,0,Interval2
20200604153352.212,2.392683,0,Interval2
20200604153352.227,2.392683,0,Interval2
20200604153352.238,2.392683,0,Interval2
20200604153352.254,2.392683,0,Interval2
20200604153352.271,2.392683,0,Interval2
20200604153352.289,2.392683,0,Interval2
20200604153352.304,2.392683,0,Interval2
20200604153352.360,2.394971,0,Interval2
20200604153352.375,2.394971,0,Interval2
20200604153352.388,2.394971,0,Interval2
20200604153352.430,2.397323,0,Interval2
20200604153352.444,2.397323,0,Interval2
20200604153352.456,2.397323,0,Interval2
20200604153352.471,2.397323,0,Interval2
20200604153352.487,2.397323,0,Interval2
20200604153352.543,2.399793,0,Interval2
20200604153352.558,2.399793,0,Interval2
20200604153352.570,2.399793,0,Interval2
20200604153352.588,2.399793,0,Interval2
20200604153352.604,2.399793,0,Interval2
20200604153352.621,2.399793,0,Interval2
20200604153352.675,2.402315,0,Interval2
20200604153352.689,2.402315,0,Interval2
20200604153352.704,2.402315,0,Interval2
20200604153352.752,2.404995,0,Interval2
20200604153352.766,2.404995,0,Interval2
20200604153352.776,2.404995,0,Interval2
20200604153352.791,2.404995,0,Interval2
20200604153352.846,2.407831,0,Interval2
20200604153352.860,2.407831,0,Interval2
20200604153352.870,2.407831,0,Interval2
20200604153352.888,2.407831,0,Interval2
20200604153352.930,2.410712,0,Interval2
20200604153352.945,2.410712,0,Interval2
20200604153352.955,2.410712,0,Interval2
20200604153352.970,2.410712,0,Interval2
20200604153352.987,2.410712,0,Interval2
20200604153353.004,2.410712,0,Interval2
20200604153353.020,2.410712,0,Interval2
20200604153353.079,2.413729,0,Interval2
20200604153353.093,2.413729,0,Interval2
20200604153353.103,2.413729,0,Interval2
20200604153353.120,2.413729,0,Interval2
20200604153353.162,2.416838,0,Interval2
20200604153353.176,2.416838,0,Interval2
20200604153353.187,2.416838,0,Interval2
20200604153353.204,2.416838,0,Interval2
20200604153353.260,2.419962,0,Interval2
20200604153353.275,2.419962,0,Interval2
20200604153353.288,2.419962,0,Interval2
20200604153353.331,2.423039,0,Interval2
20200604153353.346,2.423039,0,Interval2
20200604153353.356,2.423039,0,Interval2
20200604153353.370,2.423039,0,Interval2
20200604153353.387,2.423039,0,Interval2
20200604153353.403,2.423039,0,Interval2
20200604153353.420,2.423039,0,Interval2
20200604153353.484,2.426064,0,Interval2
20200604153353.503,2.426064,0,Interval2
20200604153353.520,2.426064,0,Interval2
20200604153353.561,2.428952,0,Interval2
20200604153353.577,2.428952,0,Interval2
20200604153353.589,2.428952,0,Interval2
20200604153353.608,2.428952,1,Test2
20200604153353.686,2.431693,1,Test2
20200604153353.702,2.431693,1,Test2
20200604153353.714,2.431693,1,Test2
20200604153353.725,2.431693,1,Test2
20200604153353.741,2.431693,1,Test2
20200604153353.799,2.434305,1,Test2
20200604153353.813,2.434305,1,Test2
20200604153353.824,2.434305,1,Test2
20200604153353.840,2.434305,1,Test2
20200604153353.884,2.436751,1,Test2
20200604153353.900,2.436751,1,Test2
20200604153353.910,2.436751,1,Test2
20200604153353.923,2.436751,1,Test2
20200604153353.980,2.438959,1,Test2
20200604153353.994,2.438959,1,Test2
20200604153354.005,2.438959,1,Test2
20200604153354.020,2.438959,1,Test2
20200604153354.036,2.438959,1,Test2
20200604153354.053,2.438959,1,Test2
20200604153354.111,2.440918,1,Test2
20200604153354.126,2.440918,1,Test2
20200604153354.136,2.440918,1,Test2
20200604153354.153,2.440918,1,Test2
20200604153354.195,2.442857,1,Test2
20200604153354.211,2.442857,1,Test2
20200604153354.221,2.442857,1,Test2
20200604153354.236,2.442857,1,Test2
20200604153354.298,2.444878,1,Test2
20200604153354.311,2.444878,1,Test2
20200604153354.324,2.444878,1,Test2
20200604153354.366,2.447044,1,Test2
20200604153354.379,2.447044,1,Test2
20200604153354.389,2.447044,1,Test2
20200604153354.406,2.447044,1,Test2
20200604153354.424,2.447044,1,Test2
20200604153354.440,2.447044,1,Test2
20200604153354.456,2.447044,1,Test2
20200604153354.514,2.449265,1,Test2
20200604153354.531,2.449265,1,Test2
20200604153354.542,2.449265,1,Test2
20200604153354.553,2.449265,1,Test2
20200604153354.595,2.451443,1,Test2
20200604153354.610,2.451443,1,Test2
20200604153354.620,2.451443,1,Test2
20200604153354.636,2.451443,1,Test2
20200604153354.692,2.453548,1,Test2
20200604153354.707,2.453548,1,Test2
20200604153354.720,2.453548,1,Test2
20200604153354.736,2.453548,1,Test2
20200604153354.777,2.455584,1,Test2
20200604153354.792,2.455584,1,Test2
20200604153354.802,2.455584,1,Test2
20200604153354.819,2.455584,1,Test2
20200604153354.836,2.455584,1,Test2
20200604153354.852,2.455584,1,Test2
20200604153354.869,2.455584,1,Test2
20200604153354.885,2.455584,1,Test2
20200604153354.902,2.455584,1,Test2
20200604153354.919,2.455584,1,Test2
20200604153354.936,2.455584,1,Test2
20200604153354.952,2.455584,1,Test2
20200604153355.037,2.459193,1,Test2
20200604153355.085,2.46042,1,Test2
20200604153355.102,2.46042,1,Test2
20200604153355.118,2.46042,1,Test2
20200604153355.136,2.46042,1,Test2
20200604153355.184,2.46124,1,Test2
20200604153355.212,2.46124,1,Test2
20200604153355.223,2.46124,1,Test2
20200604153355.235,2.46124,1,Test2
20200604153355.252,2.46124,1,Test2
20200604153355.269,2.46124,1,Test2
20200604153355.326,2.461675,1,Test2
20200604153355.342,2.461675,1,Test2
20200604153355.353,2.461675,1,Test2
20200604153355.368,2.461675,1,Test2
20200604153355.410,2.461949,1,Test2
20200604153355.425,2.461949,1,Test2
20200604153355.436,2.461949,1,Test2
20200604153355.452,2.461949,1,Test2
20200604153355.508,2.462115,1,Test2
20200604153355.522,2.462115,1,Test2
20200604153355.535,2.462115,1,Test2
20200604153355.552,2.462115,1,Test2
20200604153355.569,2.462115,1,Test2
20200604153355.585,2.462115,1,Test2
20200604153355.601,2.462115,1,Test2
20200604153355.619,2.462115,1,Test2
20200604153355.634,2.462115,1,Test2
20200604153355.652,2.462115,1,Test2
20200604153355.668,2.462115,1,Test2
20200604153355.684,2.462115,1,Test2
20200604153355.770,2.461524,1,Test2
20200604153355.819,2.460819,1,Test2
20200604153355.835,2.460819,1,Test2
20200604153355.852,2.460819,1,Test2
20200604153355.903,2.459843,1,Test2
20200604153355.918,2.459843,1,Test2
20200604153355.937,2.459843,1,Test2
20200604153355.952,2.459843,1,Test2
20200604153355.968,2.459843,1,Test2
20200604153355.984,2.459843,1,Test2
20200604153356.038,2.458597,1,Test2
20200604153356.053,2.458597,1,Test2
20200604153356.068,2.458597,1,Test2
20200604153356.084,2.458597,1,Test2
20200604153356.139,2.457075,1,Test2
20200604153356.153,2.457075,1,Test2
20200604153356.168,2.457075,1,Test2
20200604153356.211,2.455478,1,Test2
20200604153356.227,2.455478,1,Test2
20200604153356.238,2.455478,1,Test2
20200604153356.252,2.455478,1,Test2
20200604153356.268,2.455478,1,Test2
20200604153356.285,2.455478,1,Test2
20200604153356.301,2.455478,1,Test2
20200604153356.358,2.453806,1,Test2
20200604153356.373,2.453806,1,Test2
20200604153356.385,2.453806,1,Test2
20200604153356.401,2.453806,1,Test2
20200604153356.443,2.451922,1,Test2
20200604153356.458,2.451922,1,Test2
20200604153356.470,2.451922,1,Test2
20200604153356.484,2.451922,1,Test2
20200604153356.544,2.449758,1,Test2
20200604153356.559,2.449758,1,Test2
20200604153356.569,2.449758,1,Test2
20200604153356.584,2.449758,1,Test2
20200604153356.639,2.447375,1,Test2
20200604153356.653,2.447375,1,Test2
20200604153356.669,2.447375,1,Test2
20200604153356.684,2.447375,1,Test2
20200604153356.701,2.447375,1,Test2
20200604153356.717,2.447375,1,Test2
20200604153356.767,2.444848,1,Test2
20200604153356.780,2.444848,1,Test2
20200604153356.790,2.444848,1,Test2
20200604153356.804,2.444848,1,Test2
20200604153356.842,2.442157,1,Test2
20200604153356.864,2.442157,1,Test2
20200604153356.875,2.442157,1,Test2
20200604153356.885,2.442157,1,Test2
20200604153356.935,2.439298,1,Test2
20200604153356.950,2.439298,1,Test2
20200604153356.967,2.439298,1,Test2
20200604153356.985,2.439298,1,Test2
20200604153357.001,2.439298,1,Test2
20200604153357.018,2.439298,1,Test2
20200604153357.034,2.439298,1,Test2
20200604153357.095,2.436469,1,Test2
20200604153357.110,2.436469,1,Test2
20200604153357.121,2.436469,1,Test2
20200604153357.166,2.433828,1,Test2
20200604153357.183,2.433828,1,Test2
20200604153357.193,2.433828,1,Test2
20200604153357.204,2.433828,1,Test2
20200604153357.257,2.431368,1,Test2
20200604153357.272,2.431368,1,Test2
20200604153357.284,2.431368,1,Test2
20200604153357.301,2.431368,1,Test2
20200604153357.342,2.429176,1,Test2
20200604153357.357,2.429176,1,Test2
20200604153357.368,2.429176,1,Test2
20200604153357.384,2.429176,1,Test2
20200604153357.400,2.429176,1,Test2
20200604153357.416,2.429176,1,Test2
20200604153357.434,2.429176,1,Test2
20200604153357.487,2.427212,1,Test2
20200604153357.502,2.427212,1,Test2
20200604153357.516,2.427212,1,Test2
20200604153357.559,2.425449,1,Test2
20200604153357.574,2.425449,1,Test2
20200604153357.586,2.425449,1,Test2
20200604153357.600,2.425449,1,Test2
20200604153357.616,2.425449,1,Test2
20200604153357.674,2.423847,1,Test2
20200604153357.690,2.423847,1,Test2
20200604153357.702,2.423847,1,Test2
20200604153357.745,2.422122,1,Test2
20200604153357.761,2.422122,1,Test2
20200604153357.774,2.422122,1,Test2
20200604153357.785,2.422122,1,Test2
20200604153357.800,2.422122,1,Test2
20200604153357.816,2.422122,1,Test2
20200604153357.833,2.422122,1,Test2
20200604153357.892,2.420268,1,Test2
20200604153357.906,2.420268,1,Test2
20200604153357.916,2.420268,1,Test2
20200604153357.957,2.418295,1,Test2
20200604153357.976,2.418295,1,Test2
20200604153357.986,2.418295,1,Test2
20200604153358.000,2.418295,1,Test2
20200604153358.016,2.418295,1,Test2
20200604153358.072,2.416198,1,Test2
20200604153358.087,2.416198,1,Test2
20200604153358.101,2.416198,1,Test2
20200604153358.117,2.416198,1,Test2
20200604153358.132,2.416198,1,Test2
20200604153358.150,2.416198,1,Test2
20200604153358.209,2.414276,1,Test2
20200604153358.225,2.414276,1,Test2
20200604153358.236,2.414276,1,Test2
20200604153358.278,2.412618,1,Test2
20200604153358.294,2.412618,1,Test2
20200604153358.305,2.412618,1,Test2
20200604153358.316,2.412618,1,Test2
20200604153358.332,2.412618,1,Test2
20200604153358.386,2.411284,1,Test2
20200604153358.401,2.411284,1,Test2
20200604153358.416,2.411284,1,Test2
20200604153358.459,2.41028,1,Test2
20200604153358.473,2.41028,1,Test2
20200604153358.484,2.41028,1,Test2
20200604153358.499,2.41028,1,Test2
20200604153358.516,2.41028,1,Test2
20200604153358.533,2.41028,1,Test2
20200604153358.549,2.41028,1,Test2
20200604153358.597,2.409667,1,Test2
20200604153358.622,2.409667,1,Test2
20200604153358.632,2.409667,1,Test2
20200604153358.651,2.409667,1,Test2
20200604153358.710,2.409451,1,Test2
20200604153358.725,2.409451,1,Test2
20200604153358.736,2.409451,1,Test2
20200604153358.776,2.409445,1,Test2
20200604153358.792,2.409445,1,Test2
20200604153358.802,2.409445,1,Test2
20200604153358.816,2.409445,1,Test2
20200604153358.832,2.409445,1,Test2
20200604153358.849,2.409445,1,Test2
20200604153358.866,2.409445,1,Test2
20200604153358.922,2.409677,1,Test2
20200604153358.937,2.409677,1,Test2
20200604153358.949,2.409677,1,Test2
20200604153358.965,2.409677,1,Test2
20200604153359.008,2.410275,1,Test2
20200604153359.022,2.410275,1,Test2
20200604153359.032,2.410275,1,Test2
20200604153359.048,2.410275,1,Test2
20200604153359.105,2.411222,1,Test2
20200604153359.121,2.411222,1,Test2
20200604153359.133,2.411222,1,Test2
20200604153359.148,2.411222,1,Test2
20200604153359.190,2.41249,1,Test2
20200604153359.205,2.41249,1,Test2
20200604153359.216,2.41249,1,Test2
20200604153359.232,2.41249,1,Test2
20200604153359.248,2.41249,1,Test2
20200604153359.265,2.41249,1,Test2
20200604153359.281,2.41249,1,Test2
20200604153359.298,2.41249,1,Test2
20200604153359.315,2.41249,1,Test2
20200604153359.332,2.41249,1,Test2
20200604153359.349,2.41249,1,Test2
20200604153359.365,2.41249,1,Test2
20200604153359.455,2.415733,1,Test2
20200604153359.503,2.417693,1,Test2
20200604153359.519,2.417693,1,Test2
20200604153359.532,2.417693,1,Test2
20200604153359.549,2.417693,1,Test2
20200604153359.589,2.419861,1,Test2
20200604153359.615,2.419861,1,Test2
20200604153359.633,2.419861,1,Test2
20200604153359.649,2.419861,1,Test2
20200604153359.664,2.419861,1,Test2
20200604153359.682,2.419861,1,Test2
20200604153359.736,2.422169,1,Test2
20200604153359.751,2.422169,1,Test2
20200604153359.764,2.422169,1,Test2
20200604153359.793,2.424558,1,Test2
20200604153359.820,2.424558,1,Test2
20200604153359.831,2.424558,1,Test2
20200604153359.848,2.424558,1,Test2
20200604153359.864,2.424558,1,Test2
20200604153359.920,2.427068,1,Test2
20200604153359.935,2.427068,1,Test2
20200604153359.947,2.427068,1,Test2
20200604153359.964,2.427068,1,Test2
20200604153359.981,2.427068,1,Test2
20200604153359.998,2.427068,1,Test2
20200604153400.062,2.429707,1,Test2
20200604153400.077,2.429707,1,Test2
20200604153400.088,2.429707,1,Test2
20200604153400.131,2.432596,1,Test2
20200604153400.147,2.432596,1,Test2
20200604153400.164,2.432596,1,Test2
20200604153400.181,2.432596,1,Test2
20200604153400.242,2.435755,1,Test2
20200604153400.257,2.435755,1,Test2
20200604153400.268,2.435755,1,Test2
20200604153400.310,2.439199,1,Test2
20200604153400.326,2.439199,1,Test2
20200604153400.336,2.439199,1,Test2
20200604153400.347,2.439199,1,Test2
20200604153400.364,2.439199,1,Test2
20200604153400.380,2.439199,1,Test2
20200604153400.397,2.439199,1,Test2
20200604153400.462,2.442892,1,Test2
20200604153400.476,2.442892,1,Test2
20200604153400.487,2.442892,1,Test2
20200604153400.530,2.446774,1,Test2
20200604153400.546,2.446774,1,Test2
20200604153400.563,2.446774,1,Test2
20200604153400.580,2.446774,1,Test2
20200604153400.637,2.451058,1,Test2
20200604153400.651,2.451058,1,Test2
20200604153400.664,2.451058,1,Test2
20200604153400.680,2.451058,1,Test2
20200604153400.696,2.451058,1,Test2
20200604153400.713,2.451058,1,Test2
20200604153400.770,2.455733,1,Test2
20200604153400.785,2.455733,1,Test2
20200604153400.796,2.455733,1,Test2
20200604153400.813,2.455733,1,Test2
20200604153400.857,2.460725,1,Test2
20200604153400.872,2.460725,1,Test2
20200604153400.882,2.460725,1,Test2
20200604153400.896,2.460725,1,Test2
20200604153400.969,2.466031,1,Test2
20200604153400.983,2.466031,1,Test2
20200604153401.028,2.47166,1,Test2
20200604153401.043,2.47166,1,Test2
20200604153401.054,2.47166,1,Test2
20200604153401.067,2.47166,1,Test2
20200604153401.084,2.47166,1,Test2
20200604153401.101,2.47166,1,Test2
20200604153401.116,2.47166,1,Test2
20200604153401.133,2.47166,1,Test2
20200604153401.151,2.47166,1,Test2
20200604153401.167,2.47166,1,Test2
20200604153401.232,2.477571,1,Test2
20200604153401.289,2.483568,1,Test2
20200604153401.304,2.483568,1,Test2
20200604153401.363,2.489613,1,Test2
20200604153401.380,2.489613,1,Test2
20200604153401.396,2.489613,1,Test2
20200604153401.412,2.489613,1,Test2
20200604153401.430,2.489613,1,Test2
20200604153401.476,2.495686,1,Test2
20200604153401.505,2.495686,1,Test2
20200604153401.515,2.495686,1,Test2
20200604153401.530,2.495686,1,Test2
20200604153401.572,2.501769,1,Test2
20200604153401.586,2.501769,1,Test2
20200604153401.597,2.501769,1,Test2
20200604153401.613,2.501769,1,Test2
20200604153401.675,2.50786,1,Test2
20200604153401.691,2.50786,1,Test2
20200604153401.702,2.50786,1,Test2
20200604153401.743,2.51401,1,Test2
20200604153401.758,2.51401,1,Test2
20200604153401.770,2.51401,1,Test2
20200604153401.783,2.51401,1,Test2
20200604153401.801,2.51401,1,Test2
20200604153401.816,2.51401,1,Test2
20200604153401.834,2.51401,1,Test2
20200604153401.850,2.51401,1,Test2
20200604153401.907,2.520175,1,Test2
20200604153401.921,2.520175,1,Test2
20200604153401.933,2.520175,1,Test2
20200604153401.974,2.526374,1,Test2
20200604153401.989,2.526374,1,Test2
20200604153401.999,2.526374,1,Test2
20200604153402.012,2.526374,1,Test2
20200604153402.029,2.526374,1,Test2
20200604153402.085,2.532591,1,Test2
20200604153402.100,2.532591,1,Test2
20200604153402.112,2.532591,1,Test2
20200604153402.155,2.538605,1,Test2
20200604153402.169,2.538605,1,Test2
20200604153402.181,2.538605,1,Test2
20200604153402.195,2.538605,1,Test2
20200604153402.212,2.538605,1,Test2
20200604153402.229,2.538605,1,Test2
20200604153402.245,2.538605,1,Test2
20200604153402.303,2.544403,1,Test2
20200604153402.319,2.544403,1,Test2
20200604153402.331,2.544403,1,Test2
20200604153402.366,2.549932,1,Test2
20200604153402.385,2.549932,1,Test2
20200604153402.396,2.549932,1,Test2
20200604153402.412,2.549932,1,Test2
20200604153402.429,2.549932,1,Test2
20200604153402.489,2.555194,1,Test2
20200604153402.504,2.555194,1,Test2
20200604153402.515,2.555194,1,Test2
20200604153402.528,2.555194,1,Test2
20200604153402.545,2.555194,1,Test2
20200604153402.562,2.555194,1,Test2
20200604153402.578,2.555194,1,Test2
20200604153402.596,2.555194,1,Test2
20200604153402.612,2.555194,1,Test2
20200604153402.629,2.555194,1,Test2
20200604153402.645,2.555194,1,Test2
20200604153402.662,2.555194,1,Test2
20200604153402.748,2.564866,1,Test2
20200604153402.792,2.569443,1,Test2
20200604153402.807,2.569443,1,Test2
20200604153402.817,2.569443,1,Test2
20200604153402.834,2.569443,1,Test2
20200604153402.891,2.57383,1,Test2
20200604153402.907,2.57383,1,Test2
20200604153402.917,2.57383,1,Test2
20200604153402.928,2.57383,1,Test2
20200604153402.944,2.57383,1,Test2
20200604153402.961,2.57383,1,Test2
20200604153402.978,2.57383,1,Test2
20200604153402.995,2.57383,1,Test2
20200604153403.012,2.57383,1,Test2
20200604153403.029,2.57383,1,Test2
20200604153403.044,2.57383,1,Test2
20200604153403.062,2.57383,1,Test2
20200604153403.146,2.582364,1,Test2
20200604153403.191,2.586218,1,Test2
20200604153403.206,2.586218,1,Test2
20200604153403.217,2.586218,1,Test2
20200604153403.236,2.586218,1,Test2
20200604153403.249,2.586218,1,Test2
20200604153403.266,2.586218,1,Test2
20200604153403.282,2.586218,1,Test2
20200604153403.299,2.586218,1,Test2
20200604153403.316,2.586218,1,Test2
20200604153403.332,2.586218,1,Test2
20200604153403.348,2.586218,1,Test2
20200604153403.365,2.586218,1,Test2
20200604153403.383,2.586218,1,Test2
20200604153403.469,2.592333,1,Test2
20200604153403.513,2.594598,1,Test2
20200604153403.528,2.594598,1,Test2
20200604153403.544,2.594598,1,Test2
20200604153403.561,2.594598,1,Test2
20200604153403.616,2.596365,1,Test2
20200604153403.630,2.596365,1,Test2
20200604153403.644,2.596365,1,Test2
20200604153403.661,2.596365,1,Test2
20200604153403.678,2.596365,1,Test2
20200604153403.694,2.596365,1,Test2
20200604153403.749,2.597692,1,Test2
20200604153403.764,2.597692,1,Test2
20200604153403.777,2.597692,1,Test2
20200604153403.821,2.598752,1,Test2
20200604153403.836,2.598752,1,Test2
20200604153403.846,2.598752,1,Test2
20200604153403.861,2.598752,1,Test2
20200604153403.917,2.599487,1,Test2
20200604153403.932,2.599487,1,Test2
20200604153403.944,2.599487,1,Test2
20200604153403.961,2.599487,1,Test2
20200604153404.020,2.599881,1,Test2
20200604153404.036,2.599881,1,Test2
20200604153404.046,2.599881,1,Test2
20200604153404.061,2.599881,1,Test2
20200604153404.077,2.599881,1,Test2
20200604153404.093,2.599881,1,Test2
20200604153404.150,2.599814,1,Test2
20200604153404.165,2.599814,1,Test2
20200604153404.177,2.599814,1,Test2
20200604153404.220,2.599212,1,Test2
20200604153404.234,2.599212,1,Test2
20200604153404.245,2.599212,1,Test2
20200604153404.260,2.599212,1,Test2
20200604153404.277,2.599212,1,Test2
20200604153404.333,2.598044,1,Test2
20200604153404.347,2.598044,1,Test2
20200604153404.360,2.598044,1,Test2
20200604153404.377,2.598044,1,Test2
20200604153404.393,2.598044,1,Test2
20200604153404.411,2.598044,1,Test2
20200604153404.466,2.596338,1,Test2
20200604153404.482,2.596338,1,Test2
20200604153404.493,2.596338,1,Test2
20200604153404.534,2.594239,1,Test2
20200604153404.550,2.594239,1,Test2
20200604153404.560,2.594239,1,Test2
20200604153404.576,2.594239,1,Test2
20200604153404.594,2.594239,1,Test2
20200604153404.655,2.591764,1,Test2
20200604153404.669,2.591764,1,Test2
20200604153404.680,2.591764,1,Test2
20200604153404.723,2.589039,1,Test2
20200604153404.739,2.589039,1,Test2
20200604153404.749,2.589039,1,Test2
20200604153404.760,2.589039,1,Test2
20200604153404.776,2.589039,1,Test2
20200604153404.793,2.589039,1,Test2
20200604153404.810,2.589039,1,Test2
20200604153404.866,2.586106,1,Test2
20200604153404.881,2.586106,1,Test2
20200604153404.893,2.586106,1,Test2
20200604153404.910,2.586106,1,Test2
20200604153404.953,2.582933,1,Test2
20200604153404.968,2.582933,1,Test2
20200604153404.977,2.582933,1,Test2
20200604153404.995,2.582933,1,Test2
20200604153405.051,2.579537,1,Test2
20200604153405.066,2.579537,1,Test2
20200604153405.077,2.579537,1,Test2
20200604153405.105,2.575925,1,Test2
20200604153405.121,2.575925,1,Test2
20200604153405.145,2.575925,1,Test2
20200604153405.160,2.575925,1,Test2
20200604153405.176,2.575925,1,Test2
20200604153405.193,2.575925,1,Test2
20200604153405.209,2.575925,1,Test2
20200604153405.267,2.572029,1,Test2
20200604153405.283,2.572029,1,Test2
20200604153405.292,2.572029,1,Test2
20200604153405.310,2.572029,1,Test2
20200604153405.350,2.567885,1,Test2
20200604153405.365,2.567885,1,Test2
20200604153405.376,2.567885,1,Test2
20200604153405.392,2.567885,1,Test2
20200604153405.452,2.563513,1,Test2
20200604153405.467,2.563513,1,Test2
20200604153405.479,2.563513,1,Test2
20200604153405.493,2.563513,1,Test2
20200604153405.509,2.563513,1,Test2
20200604153405.526,2.563513,1,Test2
20200604153405.582,2.558972,1,Test2
20200604153405.597,2.558972,1,Test2
20200604153405.610,2.558972,1,Test2
20200604153405.626,2.558972,1,Test2
20200604153405.668,2.55425,1,Test2
20200604153405.683,2.55425,1,Test2
20200604153405.693,2.55425,1,Test2
20200604153405.709,2.55425,1,Test2
20200604153405.767,2.549334,1,Test2
20200604153405.782,2.549334,1,Test2
20200604153405.792,2.549334,1,Test2
20200604153405.809,2.549334,1,Test2
20200604153405.851,2.544095,1,Test2
20200604153405.866,2.544095,1,Test2
20200604153405.879,2.544095,1,Test2
20200604153405.893,2.544095,1,Test2
20200604153405.909,2.544095,1,Test2
20200604153405.925,2.544095,1,Test2
20200604153405.942,2.544095,1,Test2
20200604153405.997,2.538539,1,Test2
20200604153406.012,2.538539,1,Test2
20200604153406.027,2.538539,1,Test2
20200604153406.069,2.532655,1,Test2
20200604153406.082,2.532655,1,Test2
20200604153406.092,2.532655,1,Test2
20200604153406.109,2.532655,1,Test2
20200604153406.165,2.526388,1,Test2
20200604153406.185,2.526388,1,Test2
20200604153406.196,2.526388,1,Test2
20200604153406.208,2.526388,1,Test2
20200604153406.225,2.526388,1,Test2
20200604153406.242,2.526388,1,Test2
20200604153406.259,2.526388,1,Test2
20200604153406.316,2.519737,1,Test2
20200604153406.332,2.519737,1,Test2
20200604153406.342,2.519737,1,Test2
20200604153406.383,2.51271,1,Test2
20200604153406.397,2.51271,1,Test2
20200604153406.409,2.51271,1,Test2
20200604153406.425,2.51271,1,Test2
20200604153406.482,2.505477,1,Test2
20200604153406.499,2.505477,1,Test2
20200604153406.511,2.505477,1,Test2
20200604153406.525,2.505477,1,Test2
20200604153406.567,2.498019,1,Test2
20200604153406.583,2.498019,1,Test2
20200604153406.593,2.498019,1,Test2
20200604153406.608,2.498019,1,Test2
20200604153406.626,2.498019,1,Test2
20200604153406.641,2.498019,1,Test2
20200604153406.658,2.498019,1,Test2
20200604153406.713,2.490368,1,Test2
20200604153406.729,2.490368,1,Test2
20200604153406.742,2.490368,1,Test2
20200604153406.783,2.482495,1,Test2
20200604153406.797,2.482495,1,Test2
20200604153406.808,2.482495,1,Test2
20200604153406.824,2.482495,1,Test2
20200604153406.841,2.482495,1,Test2
20200604153406.901,2.474401,1,Test2
20200604153406.916,2.474401,1,Test2
20200604153406.926,2.474401,1,Test2
20200604153406.941,2.474401,1,Test2
20200604153406.958,2.474401,1,Test2
20200604153406.974,2.474401,1,Test2
20200604153407.030,2.466107,1,Test2
20200604153407.046,2.466107,1,Test2
20200604153407.058,2.466107,1,Test2
20200604153407.091,2.457642,1,Test2
20200604153407.108,2.457642,1,Test2
20200604153407.129,2.457642,1,Test2
20200604153407.141,2.457642,1,Test2
20200604153407.157,2.457642,1,Test2
20200604153407.213,2.449104,1,Test2
20200604153407.229,2.449104,1,Test2
20200604153407.241,2.449104,1,Test2
20200604153407.284,2.440496,1,Test2
20200604153407.300,2.440496,1,Test2
20200604153407.312,2.440496,1,Test2
20200604153407.324,2.440496,1,Test2
20200604153407.341,2.440496,1,Test2
20200604153407.358,2.440496,1,Test2
20200604153407.374,2.440496,1,Test2
20200604153407.391,2.440496,1,Test2
20200604153407.408,2.440496,1,Test2
20200604153407.424,2.440496,1,Test2
20200604153407.441,2.440496,1,Test2
20200604153407.457,2.440496,1,Test2
20200604153407.474,2.440496,1,Test2
20200604153407.557,2.423401,1,Test2
20200604153407.603,2.41491,1,Test2
20200604153407.618,2.41491,1,Test2
20200604153407.630,2.41491,1,Test2
20200604153407.646,2.41491,1,Test2
20200604153407.705,2.406514,1,Test2
20200604153407.725,2.406514,1,Test2
20200604153407.741,2.406514,1,Test2
20200604153407.759,2.406514,1,Test2
20200604153407.774,2.406514,1,Test2
20200604153407.792,2.406514,1,Test2
20200604153407.847,2.398223,1,Test2
20200604153407.862,2.398223,1,Test2
20200604153407.874,2.398223,1,Test2
20200604153407.917,2.390066,1,Test2
20200604153407.934,2.390066,1,Test2
20200604153407.945,2.390066,1,Test2
20200604153407.958,2.390066,1,Test2
20200604153408.014,2.381946,1,Test2
20200604153408.029,2.381946,1,Test2
20200604153408.040,2.381946,1,Test2
20200604153408.057,2.381946,1,Test2
20200604153408.074,2.381946,1,Test2
20200604153408.090,2.381946,1,Test2
20200604153408.137,2.373863,1,Test2
20200604153408.160,2.373863,1,Test2
20200604153408.174,2.373863,1,Test2
20200604153408.191,2.373863,1,Test2
20200604153408.250,2.365833,1,Test2
20200604153408.263,2.365833,1,Test2
20200604153408.273,2.365833,1,Test2
20200604153408.316,2.35797,1,Test2
20200604153408.332,2.35797,1,Test2
20200604153408.343,2.35797,1,Test2
20200604153408.357,2.35797,1,Test2
20200604153408.404,2.350317,1,Test2
20200604153408.434,2.350317,1,Test2
20200604153408.445,2.350317,1,Test2
20200604153408.458,2.350317,1,Test2
20200604153408.473,2.350317,1,Test2
20200604153408.490,2.350317,1,Test2
20200604153408.506,2.350317,1,Test2
20200604153408.565,2.34286,1,Test2
20200604153408.580,2.34286,1,Test2
20200604153408.590,2.34286,1,Test2
20200604153408.631,2.335597,1,Test2
20200604153408.647,2.335597,1,Test2
20200604153408.658,2.335597,1,Test2
20200604153408.673,2.335597,1,Test2
20200604153408.690,2.335597,1,Test2
20200604153408.745,2.328528,1,Test2
20200604153408.760,2.328528,1,Test2
20200604153408.773,2.328528,1,Test2
20200604153408.790,2.328528,1,Test2
20200604153408.806,2.328528,1,Test2
20200604153408.823,2.328528,1,Test2
20200604153408.882,2.321702,1,Test2
20200604153408.897,2.321702,1,Test2
20200604153408.907,2.321702,1,Test2
20200604153408.949,2.315153,1,Test2
20200604153408.964,2.315153,1,Test2
20200604153408.974,2.315153,1,Test2
20200604153408.990,2.315153,1,Test2
20200604153409.046,2.308909,1,Test2
20200604153409.065,2.308909,1,Test2
20200604153409.075,2.308909,1,Test2
20200604153409.090,2.308909,1,Test2
20200604153409.133,2.303,1,Test2
20200604153409.148,2.303,1,Test2
20200604153409.158,2.303,1,Test2
20200604153409.172,2.303,1,Test2
20200604153409.189,2.303,1,Test2
20200604153409.206,2.303,1,Test2
20200604153409.222,2.303,1,Test2
20200604153409.278,2.297451,1,Test2
20200604153409.292,2.297451,1,Test2
20200604153409.306,2.297451,1,Test2
20200604153409.348,2.292294,1,Test2
20200604153409.362,2.292294,1,Test2
20200604153409.372,2.292294,1,Test2
20200604153409.389,2.292294,1,Test2
20200604153409.406,2.292294,1,Test2
20200604153409.461,2.287496,1,Test2
20200604153409.476,2.287496,1,Test2
20200604153409.489,2.287496,1,Test2
20200604153409.532,2.28287,1,Test2
20200604153409.548,2.28287,1,Test2
20200604153409.558,2.28287,1,Test2
20200604153409.573,2.28287,1,Test2
20200604153409.589,2.28287,1,Test2
20200604153409.605,2.28287,1,Test2
20200604153409.622,2.28287,1,Test2
20200604153409.679,2.27837,1,Test2
20200604153409.694,2.27837,1,Test2
20200604153409.706,2.27837,1,Test2
20200604153409.722,2.27837,1,Test2
20200604153409.765,2.273967,1,Test2
20200604153409.780,2.273967,1,Test2
20200604153409.791,2.273967,1,Test2
20200604153409.805,2.273967,1,Test2
20200604153409.870,2.269635,1,Test2
20200604153409.885,2.269635,1,Test2
20200604153409.896,2.269635,1,Test2
20200604153409.909,2.269635,1,Test2
20200604153409.926,2.269635,1,Test2
20200604153409.944,2.269635,1,Test2
20200604153410.000,2.265358,1,Test2
20200604153410.015,2.265358,1,Test2
20200604153410.025,2.265358,1,Test2
20200604153410.068,2.261118,1,Test2
20200604153410.083,2.261118,1,Test2
20200604153410.093,2.261118,1,Test2
20200604153410.109,2.261118,1,Test2
20200604153410.125,2.261118,1,Test2
20200604153410.183,2.25695,1,Test2
20200604153410.198,2.25695,1,Test2
20200604153410.208,2.25695,1,Test2
20200604153410.251,2.252886,1,Test2
20200604153410.266,2.252886,1,Test2
20200604153410.278,2.252886,1,Test2
20200604153410.290,2.252886,1,Test2
20200604153410.305,2.252886,1,Test2
20200604153410.322,2.252886,1,Test2
20200604153410.339,2.252886,1,Test2
20200604153410.388,2.248891,1,Test2
20200604153410.411,2.248891,1,Test2
20200604153410.422,2.248891,1,Test2
20200604153410.438,2.248891,1,Test2
20200604153410.480,2.244978,1,Test2
20200604153410.494,2.244978,1,Test2
20200604153410.505,2.244978,1,Test2
20200604153410.521,2.244978,1,Test2
20200604153410.583,2.241137,1,Test2
20200604153410.597,2.241137,1,Test2
20200604153410.609,2.241137,1,Test2
20200604153410.625,2.241137,1,Test2
20200604153410.642,2.241137,1,Test2
20200604153410.658,2.241137,1,Test2
20200604153410.723,2.237377,1,Test2
20200604153410.739,2.237377,1,Test2
20200604153410.757,2.237377,1,Test2
20200604153410.799,2.233738,1,Test2
20200604153410.812,2.233738,1,Test2
20200604153410.822,2.233738,1,Test2
20200604153410.838,2.233738,1,Test2
20200604153410.895,2.230469,1,Test2
20200604153410.912,2.230469,1,Test2
20200604153410.923,2.230469,1,Test2
20200604153410.938,2.230469,1,Test2
20200604153410.980,2.227592,1,Test2
20200604153410.995,2.227592,1,Test2
20200604153411.006,2.227592,1,Test2
20200604153411.021,2.227592,1,Test2
20200604153411.038,2.227592,1,Test2
20200604153411.054,2.227592,1,Test2
20200604153411.071,2.227592,1,Test2
20200604153411.088,2.227592,1,Test2
20200604153411.104,2.227592,1,Test2
20200604153411.121,2.227592,1,Test2
20200604153411.138,2.227592,1,Test2
20200604153411.154,2.227592,1,Test2
20200604153411.242,2.223115,1,Test2
20200604153411.287,2.221559,1,Test2
20200604153411.301,2.221559,1,Test2
20200604153411.314,2.221559,1,Test2
20200604153411.327,2.221559,1,Test2
20200604153411.342,2.221559,1,Test2
20200604153411.393,2.220418,1,Test2
20200604153411.422,2.220418,1,Test2
20200604153411.437,2.220418,1,Test2
20200604153411.455,2.220418,1,Test2
20200604153411.471,2.220418,1,Test2
20200604153411.530,2.219437,1,Test2
20200604153411.545,2.219437,1,Test2
20200604153411.556,2.219437,1,Test2
20200604153411.597,2.218656,1,Test2
20200604153411.612,2.218656,1,Test2
20200604153411.622,2.218656,1,Test2
20200604153411.637,2.218656,1,Test2
20200604153411.654,2.218656,1,Test2
20200604153411.707,2.218044,1,Test2
20200604153411.722,2.218044,1,Test2
20200604153411.737,2.218044,1,Test2
20200604153411.754,2.218044,1,Test2
20200604153411.771,2.218044,1,Test2
20200604153411.787,2.218044,1,Test2
20200604153411.804,2.218044,1,Test2
20200604153411.820,2.218044,1,Test2
20200604153411.837,2.218044,1,Test2
20200604153411.854,2.218044,1,Test2
20200604153411.872,2.218044,1,Test2
20200604153411.923,2.217581,1,Test2
20200604153411.979,2.217294,1,Test2
20200604153412.042,2.217148,1,Test2
20200604153412.058,2.217148,1,Test2
20200604153412.098,2.217112,1,Test2
20200604153412.114,2.217112,1,Test2
20200604153412.125,2.217112,1,Test2
20200604153412.137,2.217112,1,Test2
20200604153412.153,2.217112,1,Test2
20200604153412.170,2.217112,1,Test2
20200604153412.187,2.217112,1,Test2
20200604153412.243,2.217151,1,Test2
20200604153412.258,2.217151,1,Test2
20200604153412.270,2.217151,1,Test2
20200604153412.286,2.217151,1,Test2
20200604153412.327,2.217259,1,Test2
20200604153412.342,2.217259,1,Test2
20200604153412.353,2.217259,1,Test2
20200604153412.370,2.217259,1,Test2
20200604153412.427,2.217368,1,Test2
20200604153412.441,2.217368,1,Test2
20200604153412.453,2.217368,1,Test2
20200604153412.470,2.217368,1,Test2
20200604153412.487,2.217368,1,Test2
20200604153412.503,2.217368,1,Test2
20200604153412.558,2.217497,1,Test2
20200604153412.572,2.217497,1,Test2
20200604153412.588,2.217497,1,Test2
20200604153412.603,2.217497,1,Test2
20200604153412.644,2.217679,1,Test2
20200604153412.659,2.217679,1,Test2
20200604153412.670,2.217679,1,Test2
20200604153412.686,2.217679,1,Test2
20200604153412.747,2.217798,1,Test2
20200604153412.762,2.217798,1,Test2
20200604153412.773,2.217798,1,Test2
20200604153412.815,2.217842,1,Test2
20200604153412.829,2.217842,1,Test2
20200604153412.839,2.217842,1,Test2
20200604153412.853,2.217842,1,Test2
20200604153412.869,2.217842,1,Test2
20200604153412.886,2.217842,1,Test2
20200604153412.903,2.217842,1,Test2
20200604153412.920,2.217842,1,Test2
20200604153412.974,2.217849,1,Test2
20200604153412.993,2.217849,1,Test2
20200604153413.006,2.217849,1,Test2
20200604153413.048,2.21782,1,Test2
20200604153413.061,2.21782,1,Test2
20200604153413.072,2.21782,1,Test2
20200604153413.086,2.21782,1,Test2
20200604153413.142,2.217788,1,Test2
20200604153413.156,2.217788,1,Test2
20200604153413.169,2.217788,1,Test2
20200604153413.186,2.217788,1,Test2
20200604153413.202,2.217788,1,Test2
20200604153413.219,2.217788,1,Test2
20200604153413.272,2.217753,1,Test2
20200604153413.295,2.217753,1,Test2
20200604153413.306,2.217753,1,Test2
20200604153413.319,2.217753,1,Test2
20200604153413.361,2.217717,1,Test2
20200604153413.376,2.217717,1,Test2
20200604153413.386,2.217717,1,Test2
20200604153413.403,2.217717,1,Test2
20200604153413.459,2.217652,1,Test2
20200604153413.480,2.217652,1,Test2
20200604153413.490,2.217652,1,Test2
20200604153413.502,2.217652,1,Test2
20200604153413.519,2.217652,1,Test2
20200604153413.536,2.217652,1,Test2
20200604153413.598,2.217602,1,Test2
20200604153413.612,2.217602,1,Test2
20200604153413.623,2.217602,1,Test2
20200604153413.639,2.217602,1,Test2
20200604153413.682,2.217566,1,Test2
20200604153413.696,2.217566,1,Test2
20200604153413.706,2.217566,1,Test2
20200604153413.719,2.217566,1,Test2
20200604153413.775,2.217549,1,Test2
20200604153413.791,2.217549,1,Test2
20200604153413.802,2.217549,1,Test2
20200604153413.819,2.217549,1,Test2
20200604153413.861,2.217566,1,Test2
20200604153413.875,2.217566,1,Test2
20200604153413.885,2.217566,1,Test2
20200604153413.902,2.217566,1,Test2
20200604153413.960,2.217598,1,Test2
20200604153413.975,2.217598,1,Test2
20200604153413.985,2.217598,1,Test2
20200604153414.003,2.217598,1,Test2
20200604153414.019,2.217598,1,Test2
20200604153414.035,2.217598,1,Test2
20200604153414.095,2.217648,0,Interval3
20200604153414.110,2.217648,0,Interval3
20200604153414.119,2.217648,0,Interval3
20200604153414.135,2.217648,0,Interval3
20200604153414.196,2.217713,0,Interval3
20200604153414.211,2.217713,0,Interval3
20200604153414.239,2.217808,0,Interval3
20200604153414.267,2.217808,0,Interval3
20200604153414.277,2.217808,0,Interval3
20200604153414.289,2.217808,0,Interval3
20200604153414.305,2.217808,0,Interval3
20200604153414.323,2.217808,0,Interval3
20200604153414.340,2.217808,0,Interval3
20200604153414.355,2.217808,0,Interval3
20200604153414.412,2.217938,0,Interval3
20200604153414.426,2.217938,0,Interval3
20200604153414.436,2.217938,0,Interval3
20200604153414.477,2.218104,0,Interval3
20200604153414.492,2.218104,0,Interval3
20200604153414.501,2.218104,0,Interval3
20200604153414.519,2.218104,0,Interval3
20200604153414.535,2.218104,0,Interval3
20200604153414.589,2.218358,0,Interval3
20200604153414.604,2.218358,0,Interval3
20200604153414.618,2.218358,0,Interval3
20200604153414.660,2.218697,0,Interval3
20200604153414.675,2.218697,0,Interval3
20200604153414.685,2.218697,0,Interval3
20200604153414.701,2.218697,0,Interval3
20200604153414.718,2.218697,0,Interval3
20200604153414.734,2.218697,0,Interval3
20200604153414.751,2.218697,0,Interval3
20200604153414.806,2.219091,0,Interval3
20200604153414.820,2.219091,0,Interval3
20200604153414.835,2.219091,0,Interval3
20200604153414.852,2.219091,0,Interval3
20200604153414.913,2.219541,0,Interval3
20200604153414.927,2.219541,0,Interval3
20200604153414.939,2.219541,0,Interval3
20200604153414.981,2.22004,0,Interval3
20200604153414.996,2.22004,0,Interval3
20200604153415.006,2.22004,0,Interval3
20200604153415.022,2.22004,0,Interval3
20200604153415.039,2.22004,0,Interval3
20200604153415.054,2.22004,0,Interval3
20200604153415.072,2.22004,0,Interval3
20200604153415.130,2.220588,0,Interval3
20200604153415.146,2.220588,0,Interval3
20200604153415.157,2.220588,0,Interval3
20200604153415.197,2.221135,0,Interval3
20200604153415.213,2.221135,0,Interval3
20200604153415.222,2.221135,0,Interval3
20200604153415.237,2.221135,0,Interval3
20200604153415.255,2.221135,0,Interval3
20200604153415.310,2.221695,0,Interval3
20200604153415.325,2.221695,0,Interval3
20200604153415.335,2.221695,0,Interval3
20200604153415.351,2.221695,0,Interval3
20200604153415.393,2.222282,0,Interval3
20200604153415.408,2.222282,0,Interval3
20200604153415.417,2.222282,0,Interval3
20200604153415.434,2.222282,0,Interval3
20200604153415.451,2.222282,0,Interval3
20200604153415.467,2.222282,0,Interval3
20200604153415.484,2.222282,0,Interval3
20200604153415.501,2.222282,0,Interval3
20200604153415.517,2.222282,0,Interval3
20200604153415.534,2.222282,0,Interval3
20200604153415.550,2.222282,0,Interval3
20200604153415.567,2.222282,0,Interval3
20200604153415.662,2.223537,0,Interval3
20200604153415.713,2.224179,0,Interval3
20200604153415.728,2.224179,0,Interval3
20200604153415.737,2.224179,0,Interval3
20200604153415.755,2.224179,0,Interval3
20200604153415.799,2.224816,0,Interval3
20200604153415.827,2.224816,0,Interval3
20200604153415.838,2.224816,0,Interval3
20200604153415.850,2.224816,0,Interval3
20200604153415.867,2.224816,0,Interval3
20200604153415.883,2.224816,0,Interval3
20200604153415.939,2.225364,0,Interval3
20200604153415.954,2.225364,0,Interval3
20200604153415.967,2.225364,0,Interval3
20200604153416.009,2.225802,0,Interval3
20200604153416.022,2.225802,0,Interval3
20200604153416.033,2.225802,0,Interval3
20200604153416.050,2.225802,0,Interval3
20200604153416.067,2.225802,0,Interval3
20200604153416.123,2.226116,0,Interval3
20200604153416.137,2.226116,0,Interval3
20200604153416.150,2.226116,0,Interval3
20200604153416.167,2.226116,0,Interval3
20200604153416.184,2.226116,0,Interval3
20200604153416.200,2.226116,0,Interval3
20200604153416.267,2.226282,0,Interval3
20200604153416.283,2.226282,0,Interval3
20200604153416.326,2.22631,0,Interval3
20200604153416.342,2.22631,0,Interval3
20200604153416.353,2.22631,0,Interval3
20200604153416.366,2.22631,0,Interval3
20200604153416.383,2.22631,0,Interval3
20200604153416.444,2.22626,0,Interval3
20200604153416.458,2.22626,0,Interval3
20200604153416.468,2.22626,0,Interval3
20200604153416.509,2.226215,0,Interval3
20200604153416.524,2.226215,0,Interval3
20200604153416.535,2.226215,0,Interval3
20200604153416.550,2.226215,0,Interval3
20200604153416.566,2.226215,0,Interval3
20200604153416.583,2.226215,0,Interval3
20200604153416.600,2.226215,0,Interval3
20200604153416.657,2.226186,0,Interval3
20200604153416.672,2.226186,0,Interval3
20200604153416.683,2.226186,0,Interval3
20200604153416.699,2.226186,0,Interval3
20200604153416.742,2.226153,0,Interval3
20200604153416.757,2.226153,0,Interval3
20200604153416.768,2.226153,0,Interval3
20200604153416.783,2.226153,0,Interval3
20200604153416.838,2.226106,0,Interval3
20200604153416.852,2.226106,0,Interval3
20200604153416.866,2.226106,0,Interval3
20200604153416.884,2.226106,0,Interval3
20200604153416.900,2.226106,0,Interval3
20200604153416.917,2.226106,0,Interval3
20200604153416.975,2.226001,0,Interval3
20200604153416.989,2.226001,0,Interval3
20200604153416.999,2.226001,0,Interval3
20200604153417.016,2.226001,0,Interval3
20200604153417.056,2.225825,0,Interval3
20200604153417.071,2.225825,0,Interval3
20200604153417.083,2.225825,0,Interval3
20200604153417.099,2.225825,0,Interval3
20200604153417.159,2.225568,0,Interval3
20200604153417.187,2.225568,0,Interval3
20200604153417.228,2.225207,0,Interval3
20200604153417.242,2.225207,0,Interval3
20200604153417.252,2.225207,0,Interval3
20200604153417.265,2.225207,0,Interval3
20200604153417.283,2.225207,0,Interval3
20200604153417.300,2.225207,0,Interval3
20200604153417.316,2.225207,0,Interval3
20200604153417.376,2.224727,0,Interval3
20200604153417.391,2.224727,0,Interval3
20200604153417.400,2.224727,0,Interval3
20200604153417.416,2.224727,0,Interval3
20200604153417.457,2.224123,0,Interval3
20200604153417.472,2.224123,0,Interval3
20200604153417.482,2.224123,0,Interval3
20200604153417.499,2.224123,0,Interval3
20200604153417.556,2.223507,0,Interval3
20200604153417.572,2.223507,0,Interval3
20200604153417.582,2.223507,0,Interval3
20200604153417.599,2.223507,0,Interval3
20200604153417.615,2.223507,0,Interval3
20200604153417.632,2.223507,0,Interval3
20200604153417.688,2.222892,0,Interval3
20200604153417.701,2.222892,0,Interval3
20200604153417.715,2.222892,0,Interval3
20200604153417.732,2.222892,0,Interval3
20200604153417.774,2.222341,0,Interval3
20200604153417.789,2.222341,0,Interval3
20200604153417.799,2.222341,0,Interval3
20200604153417.815,2.222341,0,Interval3
20200604153417.877,2.221899,0,Interval3
20200604153417.891,2.221899,0,Interval3
20200604153417.903,2.221899,0,Interval3
20200604153417.945,2.221567,0,Interval3
20200604153417.961,2.221567,0,Interval3
20200604153417.971,2.221567,0,Interval3
20200604153417.985,2.221567,0,Interval3
20200604153418.003,2.221567,0,Interval3
20200604153418.019,2.221567,0,Interval3
20200604153418.035,2.221567,0,Interval3
20200604153418.053,2.221567,0,Interval3
20200604153418.070,2.221567,0,Interval3
20200604153418.085,2.221567,0,Interval3
20200604153418.144,2.221389,0,Interval3
20200604153418.191,2.221331,0,Interval3
20200604153418.206,2.221331,0,Interval3
20200604153418.217,2.221331,0,Interval3
20200604153418.275,2.221385,0,Interval3
20200604153418.289,2.221385,0,Interval3
20200604153418.301,2.221385,0,Interval3
20200604153418.315,2.221385,0,Interval3
20200604153418.356,2.221512,0,Interval3
20200604153418.369,2.221512,0,Interval3
20200604153418.382,2.221512,0,Interval3
20200604153418.398,2.221512,0,Interval3
20200604153418.414,2.221512,0,Interval3
20200604153418.431,2.221512,0,Interval3
20200604153418.448,2.221512,0,Interval3
20200604153418.503,2.221691,0,Interval3
20200604153418.518,2.221691,0,Interval3
20200604153418.531,2.221691,0,Interval3
20200604153418.573,2.221869,0,Interval3
20200604153418.588,2.221869,0,Interval3
20200604153418.599,2.221869,0,Interval3
20200604153418.614,2.221869,0,Interval3
20200604153418.631,2.221869,0,Interval3
20200604153418.685,2.222034,0,Interval3
20200604153418.699,2.222034,0,Interval3
20200604153418.714,2.222034,0,Interval3
20200604153418.731,2.222034,0,Interval3
20200604153418.749,2.222034,0,Interval3
20200604153418.764,2.222034,0,Interval3
20200604153418.818,2.22218,0,Interval3
20200604153418.833,2.22218,0,Interval3
20200604153418.848,2.22218,0,Interval3
20200604153418.889,2.222292,0,Interval3
20200604153418.904,2.222292,0,Interval3
20200604153418.914,2.222292,0,Interval3
20200604153418.931,2.222292,0,Interval3
20200604153418.948,2.222292,0,Interval3
20200604153419.003,2.222373,0,Interval3
20200604153419.017,2.222373,0,Interval3
20200604153419.031,2.222373,0,Interval3
20200604153419.074,2.222421,0,Interval3
20200604153419.089,2.222421,0,Interval3
20200604153419.098,2.222421,0,Interval3
20200604153419.114,2.222421,0,Interval3
20200604153419.131,2.222421,0,Interval3
20200604153419.147,2.222421,0,Interval3
20200604153419.164,2.222421,0,Interval3
